30
age,18.09,80,41.903,17.0481
gender,0,1,0.34,0.473709
income,15000,78780.2,42325.2,15246.5
education_years,8.06,17.44,12.6858,2.25486
sleep_hours,4.81,8.28,6.5198,0.887001
physical_activity,0,7,2.6874,1.80987
diet_score,2.87,9.71,5.6466,1.71935
stress_level,2.9,8.45,5.314,1.7884
work_life_balance,3.29,8.91,5.5294,1.42984
bmi,20.52,37.21,27.5698,4.62349
systolic_bp,105.23,148.47,128.196,12.5296
diastolic_bp,66.19,104.34,82.1112,10.2743
cholesterol,138.75,275.66,196.704,31.4479
resting_heart_rate,52.64,86.1,73.083,8.19137
regular_checkups,0,1,0.46,0.498397
pollution_exposure,0.92,8.45,3.986,1.58411
green_space_access,1.84,8.44,4.636,1.55186
walkability_score,2.11,9.7,5.0222,1.68784
smoking,0,7.49,2.0706,2.28622
alcohol_consumption,0,5.7,2.4354,1.37482
recreational_drug_use,0,1.08,0.2686,0.320044
seat_belt_use,6.32,10,8.3274,1.2072
social_connections,1.92,9.34,5.512,1.77695
community_engagement,1.73,7.34,4.3402,1.36871
depression_score,0.72,6.09,3.4316,1.35716
anxiety_score,1.8,6.67,4.2992,1.45073
chronic_diseases,0,3.35,1.041,1.00483
family_history_risk,0.61,5.19,2.692,1.10535
healthcare_access,2.47,8.97,6.189,1.96769
health_insurance_quality,0.71,8.08,4.9926,2.12224
4
30,1
64,1
32,1
1,0
0.065526,-0.0567701,0.222109,0.084817,0.0391174,0.146442,-0.0928631,0.105082,-0.171169,0.189827,-0.0995201,0.0519873,-0.0718438,-0.313054,-0.07781,-0.155472,0.065407,-0.254606,0.0804134,-0.509097,0.00650911,0.0139051,-0.0693046,-0.0850508,-0.150477,-0.105451,-0.105398,-0.245061,-0.106317,0.0809057,0.0842394,-0.0256853,-0.060141,0.00337735,-0.103975,0.33557,0.0968912,-0.257916,-0.025744,-0.0827205,-0.199849,0.104853,-0.134317,0.18781,-0.158961,-0.0996803,0.189637,-0.14787,-0.203911,-0.0896818,-0.0745197,0.0147225,-0.105142,0.347692,-0.0014163,0.323399,0.122388,-0.216235,-0.27911,-0.178888,0.179727,-0.286071,0.135261,-0.0472278,
0.0142582,0.198774,-0.334574,-0.05459,-0.0382696,-0.158333,-0.103032,0.317632,0.0253777,-0.240559,-0.119528,0.0621975,0.240138,-0.0233447,0.327058,0.156123,-0.283184,-0.0417051,-0.0938192,-0.0278211,0.0204091,0.0441777,0.0578909,0.0846292,0.0578414,-0.0127125,-0.12795,0.139325,-0.0190793,-0.0803264,0.0377509,0.225364,0.202555,-0.0905121,0.223386,-0.041984,-0.0936649,-0.198585,-0.0953544,0.0604297,0.198752,0.140784,-0.211161,0.146844,-0.223077,0.117708,0.378267,0.0303065,-0.0247487,-0.155947,0.0470304,-0.218805,-0.269873,0.17572,0.105123,-0.121741,0.0151606,0.166796,0.184673,-0.186638,-0.273173,-0.175298,-0.209449,-0.214203,
-0.0364166,0.027893,-0.256126,-0.161803,-0.0676211,-0.0818907,-0.0133758,-0.0585099,0.0834502,0.168987,-0.240179,-0.256374,0.247459,0.0599742,0.178735,0.0428978,-0.0375324,-0.0526209,0.190348,0.281168,0.237043,-0.0722623,0.322529,0.0103397,-0.0713507,-0.202279,0.031117,-0.0972568,-0.096982,0.0667067,-0.291681,0.0212963,-0.138753,-0.144431,0.243222,-0.00519603,-0.0468704,0.173341,0.122292,-0.0629417,0.0226096,0.0181318,0.0668447,0.203799,-0.0207458,0.0178908,0.02361,-0.153987,0.112805,0.0926084,-0.181458,0.216566,-0.141045,-0.14665,-0.0208344,-0.15181,0.0921852,0.25284,-0.364227,0.222156,-0.238064,0.0255966,0.170928,-0.209127,
-0.143784,0.0970802,0.176864,0.0674866,0.181206,-0.145494,0.00594567,-0.323087,-0.0478182,0.138494,-0.364537,0.468948,0.183654,-0.0533947,0.100108,0.119917,-0.0607401,-0.0637853,0.0478853,-0.355749,0.135014,0.000322656,0.0247872,-0.0734178,-0.244526,0.0945132,0.0784042,0.152729,0.139203,-0.162586,0.0461285,0.133596,-0.0431895,0.0703922,-0.240601,0.174751,0.205104,0.142072,-0.0999375,0.0818245,0.0458122,-0.156882,0.119978,0.15921,0.0103959,0.00420311,-0.0897579,-0.00201549,-0.206409,-0.0262297,-0.0111914,0.19057,0.24057,0.162424,-0.386696,0.426614,-0.124379,-0.00270852,-0.0218701,-0.113526,0.120336,-0.432484,-0.0224587,0.186694,
0.372368,-0.146023,0.0216603,-0.124138,0.288486,-0.0873758,0.227244,0.0181568,0.0562392,-0.216775,0.0272246,0.18071,0.138577,-0.144711,-0.138106,-0.0368378,0.0654189,0.264423,-0.240644,-0.000139466,0.346191,-0.0501628,-0.067961,-0.231417,-0.0487541,0.0682407,-0.0370469,0.381012,0.253804,0.248868,0.043419,-0.0914401,0.032455,0.00785053,-0.0328151,-0.13156,-0.0379741,-0.0434012,-0.00759701,0.0457287,-0.283087,-0.143955,-0.0403871,-0.392964,0.268588,-0.0813588,-0.128055,-0.0845568,0.256098,0.279604,0.211832,-0.0936312,-0.219911,0.172724,0.0628385,0.00588424,0.0188448,-0.0503781,-0.0814824,-0.0598685,0.263404,-0.0457239,-0.0494465,0.107016,
-0.227162,-0.111191,0.177539,0.26677,0.0124437,-0.000743373,0.29661,-0.0809301,0.0776721,-0.0307925,0.315976,0.21875,-0.0346618,-0.207129,-0.0555275,0.411895,-0.0945432,-0.316344,-0.354063,-0.507402,0.0436737,0.340548,0.19802,0.0891371,-0.0916674,0.19623,-0.158145,0.0378418,0.176113,-0.0179453,-0.158851,-0.110058,0.213708,0.160767,0.110153,-0.192338,0.253705,-0.249388,-0.209365,0.132877,-0.0270561,-0.262837,0.0774671,-0.210237,-0.112815,-0.123009,0.0536552,-0.181177,-0.162066,0.0964171,0.131204,-0.0211473,0.123129,-0.0605823,0.274968,-0.0667042,-0.297528,-0.330454,-0.244756,-0.0813129,0.0919198,-0.241474,0.0640669,0.192697,
0.312137,-0.16817,-0.20625,0.0851124,0.115148,0.331441,0.110657,-0.0362702,0.0680567,0.17384,0.204964,0.152232,-0.00366857,0.260274,-0.0974163,-0.0694234,0.0855277,0.203446,-0.21142,-0.177902,0.180546,-0.126875,-0.104643,-0.0611968,0.0853513,0.318676,-0.0019009,-0.360345,-0.202613,-0.0208322,0.136742,-0.196225,-0.107982,0.165791,-0.192445,-0.302907,-0.00212264,0.341446,-0.0967754,0.052114,0.0994234,-0.0906813,0.25118,-0.223118,0.030244,0.0506087,-0.124576,-0.000617021,-0.057565,0.121648,-0.114384,-0.0868819,0.0963062,0.00667533,0.219869,-0.115899,0.0155135,0.137026,0.155563,-0.189512,0.18424,0.00905505,-0.00596167,-0.0407818,
-0.2103,0.119992,-0.0507602,0.0526743,-0.254514,0.00261081,-0.100427,-0.0784474,-0.421759,-0.0694616,0.197608,0.298976,-0.115103,0.063176,-0.316992,0.169868,0.065904,0.0816824,-0.398464,-0.108095,-0.30712,0.15365,0.047199,-0.105207,0.00267303,-0.0168466,-0.0409278,0.456702,-0.105461,-0.165022,0.0647786,-0.0943687,-0.129193,-0.0149182,-0.120611,0.0434478,0.0314556,-0.268686,0.0232755,-0.114293,-0.051665,-0.188804,-0.437608,0.335485,0.0340832,0.219933,0.382551,0.299468,-0.0760649,-0.11387,0.0309672,-0.115028,0.0475436,0.088869,0.12246,-0.0843617,-0.165297,-0.224106,0.0446842,0.0742065,-0.111757,-0.00244946,0.431664,-0.201897,
-0.0286727,-0.267546,-0.11233,-0.00332217,-0.10803,-0.0911398,-0.127341,0.108864,0.173207,-0.120879,0.149521,0.0468774,0.220317,0.239473,0.112033,0.0216645,0.309554,-0.145949,0.276057,-0.217042,-0.144493,0.339889,-0.140102,0.0412742,0.323443,-0.0552234,0.395444,-0.191274,-0.208073,-0.100687,0.2335,-0.152958,-0.0771315,0.0861647,-0.11516,0.118941,0.0131489,-0.348678,-0.168001,0.294757,-0.106971,-0.0755927,-0.0728537,-0.21028,0.0431802,-0.0891851,-0.0195213,-0.161015,-0.334596,0.117627,-0.192631,0.148912,-0.119004,0.249805,-0.158238,-0.13124,0.068156,-0.222485,-0.0239089,0.0576164,-0.242475,-0.18765,-0.0424311,0.0864825,
0.0618368,-0.152243,0.0288361,-0.0483777,0.122036,0.177966,0.0397173,-0.0439947,-0.133084,0.254116,-0.0615878,-0.0971911,-0.117076,-0.157494,-0.0799488,-0.106034,0.189312,-0.22157,0.0886938,0.199275,-0.0255512,0.0999912,-0.130255,0.133595,-0.155642,0.226389,0.100291,-0.123238,-0.00585377,0.251017,-0.0397201,-0.117719,-0.0497103,-0.0819832,0.201686,0.131021,0.104814,0.135587,-0.163001,0.124531,-0.207753,-0.15015,0.353696,0.0310867,0.0749418,-0.30579,0.14172,-0.0491982,0.0702392,-0.141398,0.197316,0.139961,0.142141,-0.378454,0.0382355,0.0502393,0.0224589,-0.0746534,-0.052911,0.0844655,-0.151319,0.070476,-0.0123845,0.20599,
-0.135752,0.304757,0.102158,0.166284,-0.14707,-0.0572577,0.342964,0.200919,-0.164644,0.0534924,0.139493,-0.374851,-0.277035,0.0397625,-0.0652852,-0.018556,0.226998,0.05684,-0.0472959,-0.335948,0.023572,-0.101258,0.0975834,0.0251052,-0.0521396,0.108763,-0.0809992,-0.00470045,-0.0566287,0.125267,0.128159,0.0791961,-0.059569,0.00751185,0.0263546,-0.0422201,-0.0511015,0.24063,-0.166719,0.0297301,0.00576383,0.263609,0.0258998,0.199455,0.0295372,-0.124453,-0.0421773,-0.217783,0.00210226,-0.327503,-0.0573456,0.270066,0.120551,-0.0521858,0.321379,0.0398071,-0.0929201,-0.0754344,0.160049,0.204751,0.0721228,0.156753,0.0706686,-0.0300887,
0.189421,0.0973847,-0.0946424,-0.178751,0.318787,-0.0766459,-0.0448908,0.183189,-0.200958,0.205433,-0.12411,-0.303967,0.185925,0.044329,-0.0709747,-0.241329,0.162859,0.073443,-0.180668,0.442041,-0.0624689,0.0450665,0.310589,-0.171767,0.0917084,-0.254253,0.112302,0.109441,0.0907708,-0.450567,-0.123554,0.177147,0.227426,-0.0662833,-0.0890585,-0.354285,-0.00190826,0.00983167,-0.136181,0.126203,-0.0638986,-0.253665,-0.271943,0.0863606,-0.00482198,0.311134,0.039923,0.210037,-0.152009,0.130119,0.0989586,-0.172998,0.22458,-0.0271949,0.0430396,-0.097933,-0.0738643,-0.150265,0.104142,-0.0553858,-0.16637,-0.130874,0.0545954,-0.398248,
0.0368083,-0.0562074,-0.321929,0.0397421,0.25811,0.0553231,0.157039,-0.232115,-0.164864,-0.260333,0.23486,-0.280107,0.192408,-0.100077,-0.0553891,0.228148,0.0605592,-0.160679,0.194623,-0.053921,0.0959609,0.214594,-0.0948685,-0.179743,0.235657,-0.0535716,0.137041,-0.130878,0.0882052,-0.26057,-0.188363,0.0288281,-0.280822,-0.208757,-0.205728,0.0376894,0.246317,0.0480677,-0.135504,0.0508233,0.295722,-0.107661,-0.0771587,0.0325088,-0.486931,-0.0101124,0.0859875,0.112742,0.169468,0.0432658,-0.107265,0.383401,0.292114,0.0381328,-0.0289803,-0.205354,0.0194613,0.0227345,-0.181998,0.152438,0.211056,0.0128539,-0.103778,-0.00425343,
0.178333,0.109786,-0.0546245,0.328335,-0.0938979,0.200646,-0.198508,-0.244952,-0.142295,-0.158745,0.0519511,0.376855,0.183267,0.0152743,-0.147338,-0.327005,0.0124271,0.181291,-0.0496943,-0.0212424,0.167793,0.00949516,-0.149402,-0.046597,-0.297618,0.108216,0.0324064,0.0635671,-0.198743,0.334531,0.0578671,0.00700592,0.225954,-0.114488,-0.306475,0.25154,-0.0418813,-0.441567,0.0624159,-0.14148,0.114172,-0.452935,0.165997,-0.252057,-0.226977,0.435601,-0.0650626,-0.437641,0.0198472,-0.162375,-0.00206487,-0.040106,0.13655,0.0233216,0.126367,-0.20996,0.0471107,0.00101061,-0.165184,0.0418842,0.281391,-0.132571,-0.00273909,0.315111,
-0.108306,0.119104,0.10497,-0.294856,0.154119,0.0488457,-0.368941,0.0962568,0.0747842,-0.111895,-0.234116,0.330862,-0.205498,0.165092,0.0597687,-0.00429616,0.02288,-0.579184,0.176751,-0.10149,0.0260475,-0.0513776,-0.238931,0.100917,0.104679,-0.203823,-0.156397,-0.0464448,0.0933157,0.101481,0.180106,-0.15409,0.173357,0.00158825,-0.156949,0.261584,0.230811,0.238347,0.163376,-0.0752715,0.172699,-0.0114987,-0.121399,0.0529795,0.100432,0.261095,-0.213542,-0.390308,0.21593,-0.19492,-0.137682,0.260338,0.164095,-0.0253632,0.0384741,0.160714,-0.0469674,-0.320463,0.454931,-0.18058,0.307109,-0.28257,0.180769,-0.0855551,
-0.14904,-0.236342,-0.10211,-0.225498,-0.0267155,-0.0428203,0.0225238,-0.145715,-0.0498648,0.19228,-0.222852,0.113743,0.130014,-0.0468748,0.233415,-0.0391071,-0.0267819,0.0209887,0.148608,0.165577,-0.225265,0.235428,-0.344667,0.317305,-0.180026,0.0223454,0.358924,-0.10418,0.00405245,0.0226818,-0.0245879,-0.0964592,-0.187082,-0.136083,0.0917341,0.0458562,0.146587,-0.159168,-0.0603778,0.241837,0.049477,-0.268522,-0.023283,-0.178578,0.146073,-0.0115126,0.156039,0.0488755,-0.25333,0.0170725,-0.0260649,-0.391549,0.35175,-0.110394,0.203711,-0.0431489,0.22103,-0.0483556,0.139227,0.027043,0.0474701,0.180244,0.145529,0.109534,
0.165398,0.00885444,0.0372669,0.120472,-0.129848,-0.0225061,-0.0883738,0.183492,0.0137825,0.142232,0.30405,0.0030323,-0.0224255,-0.139531,-0.119279,-0.115131,-0.354159,0.407516,-0.140288,0.194491,0.0760632,0.0882908,-0.0648339,-0.0730686,0.208204,-0.0612432,0.157478,0.104604,-0.217821,-0.207996,-0.292789,0.148846,-0.1309,-0.0136,0.00230569,0.291414,-0.000425247,-0.108109,0.0623001,-0.0948535,-0.0229529,0.231971,0.0521334,0.172045,-0.311336,0.120666,0.00102578,0.0791627,-0.197664,0.241668,-0.0979122,-0.107255,0.0441146,0.0675865,-0.180014,0.0367684,-0.118452,-0.123837,-0.104345,0.555538,-0.122817,0.00859502,0.153398,-0.00511734,
0.19208,-0.00117593,-0.231688,0.0625843,-0.0377776,-0.145786,0.145961,0.000412987,-0.0972447,-0.0870395,0.0811627,-0.0408217,-0.122615,0.183281,0.149125,-0.194515,-0.446824,0.0384914,-0.221418,0.226101,-0.0835376,0.101198,0.344813,0.123112,0.212125,-0.297129,0.0633753,-0.181099,-0.0596235,0.306461,0.130715,0.041993,0.0573619,-0.00668816,0.0758462,-0.249884,-0.0805766,0.142221,0.0888384,0.0965702,-0.0637673,-0.206643,-0.186403,-0.316494,-0.0582267,0.178651,-0.00591872,-0.0790066,-0.0270393,0.118234,-0.207445,0.0920927,-0.121433,-0.0181841,0.184291,-0.229643,0.131188,0.176282,0.286704,0.0226826,-0.0890848,-0.172085,0.161076,0.326773,
-0.074669,0.169214,0.0653002,-0.177296,-0.0612142,-0.00245718,-0.106656,0.145238,-0.0487989,-0.119581,0.210341,-0.278727,0.164804,-0.0960411,-0.171977,0.0921344,-0.338802,0.0983956,0.182763,-0.207793,0.0884139,-0.00346773,-0.106816,-0.231778,-0.0686827,-0.0506705,0.173772,0.122868,0.0540925,0.025412,-0.221841,0.289526,-0.227,-0.0141129,0.15515,-0.0461331,0.018756,0.0271869,-0.202657,-0.159291,0.21592,-0.179114,-0.275064,0.230247,-0.010488,0.370259,0.150675,0.20099,-0.0212492,0.191691,0.391351,0.246284,-0.144076,-0.314113,0.31587,-0.12647,0.00108472,-0.247931,0.0797176,-0.201,0.068127,0.250643,-0.174699,-0.0950264,
-0.0270751,0.40392,-0.083593,0.209223,-0.0454531,0.084681,0.20145,0.129092,-0.136882,0.073638,-0.11505,0.200898,-0.0119135,0.00862531,0.0162689,0.418322,0.0966471,-0.0133687,0.223193,0.136466,0.461146,-0.255412,-0.107728,-0.0670564,-0.221526,0.126863,0.111081,-0.118632,0.184258,0.029072,0.267503,0.0712513,0.12034,0.169025,-0.214062,0.0683177,-0.464847,-0.0271942,-0.0827281,-0.0668097,0.436149,0.0576997,0.0539264,0.0784556,0.225691,-0.112223,0.114848,0.0755985,-0.207957,-0.0740645,0.218572,-0.0730959,-0.170718,-0.064122,0.440137,-0.161216,-0.0774089,-0.28164,-0.197051,0.0248722,0.181773,-0.304848,-0.220622,-0.241009,
-0.120024,0.178688,-0.257351,0.0978022,-0.0697881,0.284656,0.0818483,-0.00752503,-0.0421734,0.414639,-0.138942,0.0389639,-0.229416,-0.176823,-0.242252,0.415501,-0.114379,-0.157773,0.165197,0.245694,0.0457121,-0.233193,0.0199978,-0.231346,0.156572,-0.0970151,-0.0707926,-0.031803,0.0995015,-0.376556,-0.128414,-0.124681,0.148883,0.0290346,-0.216183,-0.0945522,0.0323422,0.0553902,0.231738,0.148124,0.101592,-0.0592403,-0.0318667,-0.109346,0.134474,0.227701,-0.333005,0.0259858,-0.0526655,-0.236742,0.00925886,-0.218427,-0.0531519,-0.0400548,0.0160933,-0.0143963,0.247762,-0.126709,0.0767883,0.159551,-0.231824,0.222547,-0.0165563,-0.110759,
0.0918743,0.0699004,0.24255,0.312243,0.0282196,-0.321208,0.117988,0.021497,0.330189,0.0980445,-0.0320137,-0.493638,0.0578643,-0.0254044,-0.245376,-0.207337,0.403939,0.202985,0.266883,-0.0809475,-0.146444,0.146408,-0.0170868,-0.14484,0.0535647,-0.416098,0.0647993,0.146836,0.223572,0.13031,-0.132224,0.0031072,-0.114658,-0.253017,-0.253367,0.226619,-0.122156,0.220015,0.0894647,-0.0379761,0.0695078,-0.233485,-0.0440969,0.420068,-0.0512784,-0.00539776,-0.563667,-0.187271,0.321697,0.116629,0.0379675,-0.117383,0.0741348,0.113001,-0.268951,0.0723145,0.158449,0.212355,-0.0726209,-0.00366114,0.144395,0.0541943,-0.228598,0.00440341,
0.0844724,0.167485,-0.239563,-0.224497,0.185397,0.163831,0.296232,0.203392,-0.136825,-0.0189213,0.031071,0.0860052,-0.291857,0.153043,-0.0430098,-0.0859258,-0.0386139,-0.109538,-0.126975,0.124266,0.183662,0.0468217,-0.0356174,0.0317444,-0.164849,-0.207773,-0.151883,0.144548,-0.106289,-0.078188,-0.0632304,-0.136069,-0.0197989,-0.320332,0.110164,-0.00170889,-0.3556,0.176763,-0.16942,-0.0796595,-0.0253289,0.0371947,0.217027,0.0441762,-0.0133654,-0.124712,0.125153,0.0789575,0.201453,-0.0372561,0.0115669,0.16805,0.0349184,-0.304264,0.101193,-0.0917121,-0.233715,0.0850532,-0.19206,0.362201,0.231752,0.182065,0.0703503,-0.00602961,
-0.290083,0.00564702,0.00164912,0.122018,0.0988251,0.306743,0.24406,0.0953059,-0.139963,0.0699819,-0.259438,-0.344325,0.095266,0.00422114,0.163695,-0.0534224,0.198498,-0.0333612,0.19218,-0.159153,0.132491,0.082976,-0.306968,-0.0551529,-0.0379479,-0.102776,-0.262873,-0.416134,-0.254832,0.0898722,0.31919,0.174301,0.269067,0.17256,0.0265342,-0.315587,-0.25724,-0.0818744,-0.348126,0.044398,-0.44946,0.0632713,0.00816032,0.0262087,0.114411,0.0154667,-0.0262767,-0.259026,0.217888,-0.304209,0.144278,0.226211,0.0256332,0.00256083,-0.285446,-0.337277,-0.014137,0.188858,0.175139,0.169891,0.0847587,-0.184587,0.239893,-0.0393497,
-0.219824,-0.0662076,-0.0649552,0.0156055,-0.218928,0.102322,0.182159,0.0581079,0.0794672,0.1928,0.13905,-0.259362,0.239563,0.250515,-0.199638,-0.160844,0.134278,-0.353622,0.114309,0.25185,0.112288,-0.119967,0.0508257,-0.192382,0.263114,0.110788,-0.311673,-0.0139354,0.244134,0.129471,0.143289,-0.0367692,0.128186,0.0889391,-0.0475147,-0.307129,-0.104651,-0.0617999,0.184945,0.134876,-0.0219046,0.193805,0.103265,-0.379629,-0.141267,0.0678487,-0.246407,-0.18111,0.0547351,0.27893,0.0493761,-0.154246,-0.140071,0.291434,-0.065081,0.261106,-0.00338601,-0.0536478,-0.0638348,0.111357,-0.0664147,0.0196944,-0.328137,-0.104933,
0.107214,-0.171425,0.117797,0.153672,-0.198207,-0.0247362,-0.172835,0.013652,0.140894,0.00254549,-0.122135,0.272328,-0.0996148,0.0870937,-0.00311041,0.17447,0.330206,0.0600149,0.10735,-0.25286,0.185384,0.0765213,-0.0702246,0.312219,-0.0885056,-0.00698895,0.0414907,0.158658,0.0788357,0.134975,0.14514,0.078148,0.177286,-0.0414804,-0.239183,-0.113994,-0.0111293,0.276657,-0.33307,0.0797985,-0.0273735,-0.324189,-0.150252,0.0397914,0.0645044,-0.305516,0.144994,0.100612,-0.126111,0.000873699,-0.0899831,0.0440758,-0.239848,0.12865,-0.0638881,0.295215,0.188463,0.267337,0.119423,0.0608082,-0.184975,-0.031957,-0.121145,-0.0016733,
0.077585,0.153951,0.394985,0.14013,-0.105563,0.209682,0.0415447,0.0787215,0.0353026,-0.110284,-0.0112287,0.126479,-0.0332088,0.0209675,-0.0802998,-0.162971,-0.473704,0.029675,-0.0108241,0.00892599,-0.0850875,-0.184342,-0.0961348,0.159419,0.285088,0.133843,0.19869,0.0920435,-0.0996625,-0.116119,0.100481,0.244666,-0.168757,0.0303637,0.0702183,0.042269,0.052897,0.188415,-0.0654996,-0.235225,-0.0268017,-0.0502405,0.0890775,0.144104,0.0745519,0.207976,0.0277761,0.245436,-0.01157,-0.162591,-0.0348463,0.0216572,0.287082,-0.0712946,0.321989,0.244831,0.00528273,-0.252102,0.112924,-0.0234046,0.257124,0.0254844,-0.0886076,0.0265616,
-0.106806,0.308511,-0.0247446,0.347549,-0.211878,-0.00471841,0.0668311,0.037265,0.234253,-0.0267123,0.12447,0.081653,0.0663775,-0.0073541,0.040901,0.0769778,0.0395275,0.145774,-0.00337217,0.133693,-0.344882,-0.104181,-0.178557,-0.289493,-0.0323377,-0.149325,-0.27854,-0.228038,-0.0907474,0.245562,-0.381259,0.0309362,0.153046,-0.0754657,0.0783715,-0.242863,-0.154918,-0.0276804,-0.103266,0.0913956,-0.320857,-0.0432459,0.313315,0.230912,-0.0322082,0.228586,-0.075109,-0.165625,0.161367,0.0840521,0.13912,0.170851,0.274594,-0.154506,-0.174661,0.1343,0.121241,-0.161058,0.0678567,-0.162505,-0.164575,0.0213896,0.0164111,-0.111613,
0.201782,0.0329329,-0.0932055,-0.000549821,-0.293905,-0.140313,0.090818,0.10814,0.286679,-0.0835707,0.0497641,0.315095,0.361452,-0.373351,-0.0162678,0.347888,-0.240634,-0.132368,-0.21013,-0.287969,0.0229595,0.0911887,-0.12334,-0.302212,-0.0566224,-0.00326481,-0.14749,-0.275091,0.0412955,0.400437,0.0966445,-0.431039,-0.11577,0.235962,0.0850456,-0.0062726,-0.252487,0.291576,-0.0286205,0.0180366,-0.0921654,-0.124949,0.26534,0.104834,0.220064,-0.171677,0.0539386,-0.210805,-0.0327582,0.068321,0.124663,-0.047549,-0.00429364,0.0214567,-0.0877081,-0.120698,0.115182,-0.154886,0.116086,-0.34823,-0.0712881,0.0217149,0.109438,-0.160192,
-0.103755,-0.0556825,-0.0909853,-0.155175,-0.147521,0.302556,0.00563777,0.0611504,0.023211,0.117294,0.0908419,-0.00778028,0.184541,-0.274847,0.0398237,0.363973,-0.306459,0.0277733,-0.120487,-0.103179,0.0542674,0.239843,0.231323,-0.18285,-0.412918,0.1031,-0.122966,-0.0701206,0.477247,-0.247689,-0.28473,0.0724296,0.199605,0.196117,-0.356796,0.114389,0.12895,0.0686148,-0.00867916,-0.090103,0.213346,-0.187462,-0.00239457,-0.185002,0.0804854,0.177809,-0.0826778,0.0215923,-0.0260416,0.303142,0.0535616,-0.293785,0.114009,-0.122429,0.300781,0.279809,-0.0679139,-0.410437,0.0369997,-0.000636867,-0.181661,0.0651914,0.14854,-0.195004,
-0.261651,0.294197,-0.106713,-0.0650685,0.0777561,0.165705,-0.0356851,-0.0996806,-0.0448672,0.318799,-0.0591452,0.0401474,0.314294,-0.0745299,0.0178743,0.197734,-0.318664,0.00175551,-0.0392765,0.201459,-0.0552415,0.192084,0.198685,-0.0252112,0.0215756,0.0677185,0.01243,-0.0351167,0.133807,0.274082,0.251757,0.0401797,0.122793,-0.180681,-0.0903199,0.287585,-0.108175,0.101209,0.0693135,-0.0313064,0.12575,-0.0376704,-0.16282,-0.00184994,0.0527583,-0.246627,-0.279274,0.298895,-0.348072,0.107323,-0.0484295,-0.113207,0.00665973,-0.150099,-0.0465014,0.0910013,0.156003,0.11688,0.308961,0.100116,-0.0915667,0.22076,0.0799207,0.217966,
0.145719,-0.158702,0.179998,-0.0699135,-0.340384,0.252351,0.0550042,-0.209039,0.0808387,0.304758,0.216806,0.251734,-0.136843,-0.556221,-0.0461903,-0.212089,-0.0645895,0.182797,-0.0790486,-0.395687,0.281556,-0.129694,0.146256,-0.0243546,0.134061,0.423527,-0.252513,0.244796,0.0184786,-0.0197711,-0.166764,-0.0613055,
-0.140009,0.40215,0.00424975,0.0593791,-0.161654,0.248641,-0.00548567,-0.127983,0.370303,-0.146021,0.331227,-0.0833027,-0.156289,-0.118938,0.00840095,0.143733,-0.390239,-0.0955208,0.149237,-0.286685,0.0773109,0.0613181,-0.0323358,0.242186,0.122808,-0.024209,0.0673207,0.184228,-0.0149247,-0.285875,-0.0078589,0.0475091,
0.0564931,-0.274382,-0.441669,0.0586829,-0.108597,0.140164,-0.128735,-0.687097,0.415153,0.0283423,0.229192,0.0832064,-0.0262358,-0.0755227,0.092473,-0.0436317,-0.0897292,0.0676575,0.162596,0.435451,0.261379,-0.0734926,-0.263656,0.0691147,0.196752,-0.238914,0.252127,-0.00890321,0.037968,-0.426117,-0.53783,0.0740917,
-0.0757201,-0.113959,0.0674911,0.0100269,0.207919,0.31349,0.095415,-0.215456,-0.0683347,0.165783,0.457505,-0.468682,0.054352,-0.182126,0.0835079,0.218386,0.183227,-0.161729,-0.0239727,0.427234,0.114626,-0.196116,0.227466,0.0890559,-0.0374007,0.100223,0.165039,0.230567,-0.0125911,0.211182,0.217133,0.00445705,
0.400409,0.124685,0.147819,-0.0996588,-0.518555,-0.0285624,-0.00947774,-0.13838,-0.164762,-0.326309,-0.0547069,0.0113914,0.126091,0.111785,-0.462895,0.602165,-0.135117,0.361119,0.272479,-0.371746,-0.596138,-0.010442,-0.296004,-0.267296,0.0505314,-0.254948,-0.458922,-0.563476,-0.0800252,0.39983,-0.31003,0.0988362,
-0.293222,-0.168028,0.254661,0.00679346,0.0428696,-0.0294857,0.142382,-0.153275,0.315204,-0.161751,0.213847,0.17955,0.332648,0.0132452,0.0807965,0.00632119,0.0189722,-0.543389,-0.241936,-0.268916,-0.411645,-0.236271,-0.10089,-0.204259,0.0542178,0.155827,-0.255055,-0.599305,-0.226148,-0.288294,0.0478188,-0.114168,
0.21536,-0.123863,-0.2787,-0.293565,0.0476339,0.263971,0.0288311,-0.199621,0.0313848,-0.164406,0.201424,-0.30154,0.202779,-0.215655,0.192313,-0.0748834,-0.0947587,-0.179811,0.110107,0.308729,-0.259823,0.472043,-0.504417,0.0999885,0.299436,-0.222919,0.0139523,-0.181531,-0.291745,0.0542641,-0.101768,0.0222558,
-0.285773,-0.0607761,0.19831,0.148665,0.0132253,0.160743,0.299926,-0.000979945,-0.383616,-0.0773839,0.331446,0.127434,-0.312203,-0.146545,0.447097,-0.133757,0.112648,0.164338,0.0535155,0.0357093,-0.354137,0.227054,0.385722,-0.0549658,-0.576244,-0.0558353,0.404859,0.0212344,0.140856,0.368851,-0.270629,-0.124933,
-0.341173,-0.0224049,-0.211873,0.0521854,0.363426,0.160801,-0.2195,-0.263277,0.228824,0.0369781,0.0652032,-0.0372341,0.253628,-0.344744,0.225165,-0.168953,-0.164949,-0.42651,-0.376558,0.00642679,0.181995,0.120447,0.208776,-0.18551,0.0237563,0.0527998,0.127411,0.0724507,-0.153898,0.161437,0.0660812,-0.34296,
0.215174,-0.0574565,-0.346587,-0.246232,-0.00211656,-0.0579176,0.151604,0.413584,0.153226,-0.256296,0.539003,-0.423074,-0.168412,-0.257471,0.337124,0.248225,-0.24424,-0.178026,0.19372,0.0408147,0.0786038,0.13046,0.103594,-0.481796,-0.329046,0.0902186,-0.133528,0.108595,-0.00158652,-0.073382,-0.176765,-0.269179,
0.335478,0.34134,-0.193018,-0.171829,-0.38894,0.0523017,0.137263,0.186081,-0.0377235,-0.489436,-0.291441,0.112184,0.106743,0.164915,0.147988,0.100083,-0.401917,-0.0113769,0.282477,0.0359634,-0.0580868,-0.0206,-0.2361,0.135243,0.288988,0.359297,0.0150642,-0.00482069,-0.392698,-0.349837,-0.23753,0.0643197,
0.00551507,0.144625,-0.0259577,-0.21256,0.235187,0.136229,0.413408,-0.141847,0.114484,-0.354282,-0.256698,-0.190926,0.1949,0.326381,-0.0538518,0.000119408,-0.188876,0.146854,-0.12836,0.0908301,-0.0596931,-0.595188,-0.113897,0.422323,-0.344282,0.429868,0.114696,-0.073877,-0.152674,0.32832,0.120452,-0.338897,
-0.00545729,0.12372,-0.0970145,0.103376,0.0788298,0.15384,-0.159987,-0.136235,0.0876406,-0.268863,-0.0697906,0.52187,0.107606,0.00233664,0.140627,-0.287557,-0.321516,-0.294966,0.051521,-0.236425,0.245121,-0.0990972,0.125667,0.139589,0.16508,-0.0750183,0.24114,-0.474952,0.100892,0.246008,-0.206393,-0.207009,
-0.12801,-0.0398877,0.0358408,0.0794657,-0.334878,0.080379,0.113862,0.382934,0.444473,-0.0867019,-0.289394,0.0421029,0.130154,-0.0134062,-0.209638,0.0207914,0.144292,-0.175466,0.105407,-0.236015,-0.00418775,-0.537756,-0.131707,-0.0634195,-0.327008,-0.363325,-0.026886,0.0192791,0.0964881,0.0867511,0.0907322,0.237494,
-0.320687,-0.39244,0.706862,0.0643162,-0.180463,-0.0698942,-0.0827114,0.0790357,-0.00750677,-0.0392938,-0.342227,0.19109,0.00210989,-0.322806,-0.100402,0.322804,-0.0884531,0.11075,0.138439,-0.309895,0.392222,0.0731886,-0.0483255,-0.012158,-0.0985171,-0.0524252,0.248387,0.233096,-0.353155,-0.0937374,0.302425,-0.13059,
0.162014,0.124719,0.504338,0.0746406,-0.175235,0.341802,0.277818,-0.0256898,0.223667,-0.490818,0.0109674,0.132633,-0.135725,0.413551,0.248712,-0.286937,0.00818774,0.342894,-0.0208339,0.0956232,0.0986654,0.267793,-0.198074,0.173356,-0.143856,-0.0249648,-0.281647,0.155319,0.00734578,-0.227462,-0.111213,-0.142965,
-0.0645346,-0.0484955,0.0937285,-0.409613,0.0237558,-0.245207,-0.328683,0.108989,-0.0206577,-0.154123,-0.000975443,-0.30554,0.149613,-0.00346383,-0.184254,-0.0720374,0.516904,0.254774,0.027517,0.446877,-0.0904853,0.0375637,-0.108945,-0.131508,0.189526,-0.258748,-0.097707,-0.455314,-0.245119,0.114451,-0.066956,-0.0785182,
0.260497,-0.146258,0.0495136,0.0198425,0.0194281,0.133321,-0.310177,-0.434337,0.228467,0.133921,-0.429662,0.173071,0.0626573,0.132163,-0.291447,0.078833,0.41242,-0.0842022,-0.151062,0.167192,-0.399744,-0.191777,0.295439,-0.393097,-0.28025,-0.0639718,-0.360416,0.481603,-0.320228,-0.0598493,0.591895,-0.001033,
-0.110308,0.519835,0.0519237,-0.212439,0.130208,-0.340835,-0.389828,-0.044054,-0.349971,-0.481752,0.0982274,0.0138488,-0.358663,-0.00824049,-0.0767951,-0.160511,-0.313304,0.0250044,0.0240202,0.0996859,0.283784,0.302646,0.107078,0.332137,0.0344492,0.239537,-0.0217216,-0.0152531,-0.177782,0.137451,-0.0964632,0.196402,
-0.182149,0.00962103,0.048694,-0.199866,0.0470346,-0.160431,0.194139,-0.106862,0.220147,0.111305,0.0863589,-0.238772,0.0894733,-0.127222,0.0395555,0.146956,0.220548,-0.412193,0.0179207,-0.243808,-0.0254706,0.0285555,0.128122,-0.260822,0.0675072,-0.123688,-0.676462,0.0390142,0.493403,0.198581,0.425734,-0.0910094,
0.0187467,-0.0703535,-0.337956,-0.0482251,0.287723,-0.030551,0.155696,0.110276,0.182262,0.0457785,-0.357757,-0.543446,0.294704,-0.0568839,-0.367819,0.462658,0.114046,0.265484,-0.117574,-0.0201135,0.294897,0.158102,-0.0440917,-0.0136497,-0.190346,-0.251605,0.111198,-0.268831,0.0778046,-0.0281806,0.355095,-0.320239,
0.0466381,0.0346511,-0.224181,0.0603836,0.190186,-0.439915,-0.0492434,-0.146321,0.0353226,0.0883651,-0.182874,-0.122316,0.248961,0.151564,-0.261738,-0.0792875,0.150204,0.0394363,-0.316051,-0.0514306,-0.531084,0.246194,-0.187095,0.399855,-0.10764,0.48544,0.322895,-0.134534,0.167953,0.215828,-0.132419,-0.0432776,
-0.214261,-0.506506,0.19249,-0.373462,-0.0479322,0.155645,-0.130127,-0.193211,-0.415525,0.0334227,0.00755711,-0.376423,0.211064,-0.04039,-0.11868,0.164109,0.0887082,-0.297581,-0.227888,-0.27322,0.0392159,0.210364,-0.0800644,-0.180766,-0.123692,0.00554778,0.101184,0.135535,0.183027,0.31726,-0.209295,0.012395,
-0.0412529,-0.0771534,0.100549,0.0132699,-0.278824,0.0337269,-0.194827,0.542511,-0.0601346,0.12644,0.0574201,-0.0235064,0.0482489,-0.152333,0.0375012,0.0447917,-0.321316,-0.0238649,0.00797548,0.0363789,0.197572,0.219084,0.364244,0.270643,-0.168222,0.308553,0.551054,0.201453,0.270432,-0.279576,-0.284436,0.223866,
0.0858868,0.0465464,-0.115443,-0.0232648,-0.289734,0.150079,0.215153,0.286915,-0.386584,-0.310826,-0.250026,0.227913,-0.402612,0.0846545,-0.0733316,0.00389079,-0.524145,0.304022,0.162404,0.289326,-0.0683673,-0.570008,0.060459,0.229267,0.132202,-0.321891,-0.192702,-0.129989,0.0522048,-0.0996256,-0.00571747,0.0820258,
-0.123319,0.721725,-0.312506,0.426679,0.507733,-0.222984,-0.33956,-0.0337878,-0.065184,-0.147687,-0.210743,-0.119025,0.159697,-0.507293,0.291188,-0.365218,-0.219906,0.092018,0.256213,-0.11254,0.239217,0.146,0.157095,0.145846,0.143178,0.0782885,-0.113768,0.0938077,-0.158164,-0.287421,0.0252389,-0.0634177,
0.0390501,0.00452112,-0.41342,-0.16292,0.162102,-0.33221,-0.440072,-0.0567768,0.0653177,0.201324,-0.0473283,-0.437693,-0.310875,0.107911,0.204537,0.351622,-0.0780184,0.156359,0.148003,-0.0723489,0.277658,0.0110724,0.231908,-0.251462,0.222908,0.32429,-0.171038,0.0669702,-0.0148059,0.00140013,0.255041,-0.0703376,
-0.570486,0.127089,0.187415,0.0992607,0.38776,0.135879,0.398542,-0.0174539,-0.260688,-0.00772235,0.301714,0.0749521,0.260517,-0.14287,-0.138977,0.190937,0.116872,0.185179,-0.305068,0.294041,0.0109669,0.138516,-0.13784,-0.349648,0.0206272,0.525896,-0.0314137,-0.0246378,0.320458,-0.144134,0.0233261,-0.277002,
-0.0296635,0.0522927,-0.212168,0.0266285,-0.385592,0.119731,-0.182724,0.281694,-0.322731,-0.0402773,0.0225298,0.00740562,0.0925803,-0.0488534,0.33256,-0.013493,0.296346,0.22317,-0.383374,-0.113622,-0.164448,0.174371,-0.141229,0.134,0.0787208,0.338492,0.00771957,0.155489,0.0808627,0.197484,0.456452,0.131252,
-0.313233,0.270035,0.151029,-0.0322329,0.0489079,0.0238247,-0.0152486,0.101396,0.0990146,-0.330098,-0.0316639,0.110534,-0.0962008,-0.409002,-0.175768,-0.238157,-0.222225,-0.270712,0.0684633,-0.0782793,-0.218248,0.284192,0.00749997,0.14747,-0.21193,-0.0804159,-0.267467,0.0315224,0.312152,0.128935,-0.136486,-0.377702,
0.140312,-0.197066,-0.097952,0.178981,0.0965508,0.10587,-0.615468,0.0896439,-0.0515734,-0.279329,0.0654699,-0.209659,0.0553777,0.165805,-0.100007,0.0892381,-0.311204,0.140469,0.212365,0.480081,0.0763664,0.206543,-0.00684417,0.105277,-0.36357,-0.140693,0.206752,0.33275,0.24513,-0.0464424,-0.367806,-0.0614593,
0.0914588,-0.0510348,0.0208529,0.29235,-0.196334,-0.186044,-0.0779447,0.0550414,0.0237243,-0.10743,-0.124804,0.0937112,-0.0640389,0.221765,0.0129313,0.225197,0.417766,0.0040904,0.161777,-0.133147,-0.194709,-0.236705,-0.031484,0.242367,0.0860531,0.215571,-0.257365,-0.233938,-0.0626189,-0.405374,-0.0134556,-0.150272,
0.353698,-0.303976,-0.474765,0.0731203,0.416793,-0.200927,-0.206847,-0.288365,-0.439915,0.518203,0.153717,-0.0429677,-0.126426,-0.210934,-0.246013,0.139307,-0.032193,0.0830653,-0.1031,0.333189,0.151699,0.0318594,0.00161841,-0.0786063,-0.404999,0.0902418,0.267551,0.00823108,-0.128227,0.0995247,0.3125,-0.254292,
0.320349,-0.350769,0.257156,-0.0278882,0.324783,0.0205486,0.158499,0.407246,0.0327284,0.413107,0.138495,-0.0413316,-0.283723,-0.202936,-0.544179,-0.0737974,0.271332,0.215315,-0.202664,0.12464,0.0592616,0.127299,0.153784,0.0297889,0.171646,-0.333524,0.320591,0.12546,-0.323736,-0.181207,0.166775,-0.0410902,
0.335821,0.368602,-0.42539,-0.484902,-0.0399077,-0.10747,-0.393447,-0.213807,-0.024512,-0.322797,-0.226925,-0.035021,0.471504,0.0334972,-0.336016,0.403802,0.435263,0.357738,-0.0283516,-0.757852,0.0466615,-0.552064,-0.223145,0.00451349,-0.0808336,-0.30018,-0.0595162,-0.030406,-0.288565,0.037744,0.361785,0.100188,
0.0139941,0.127127,-0.182782,-0.196287,0.514818,-0.333484,-0.22052,0.142547,-0.346716,0.182784,-0.160369,0.0126059,0.0113813,0.0334564,0.169456,-0.119237,0.340849,-0.0961069,0.122363,0.168346,-0.105482,-0.336502,-0.253765,-0.209637,0.0457164,0.0399512,-0.0888394,0.635708,-0.0101783,0.218017,0.0650877,-0.791461,
0.0129639,-0.0552451,0.401288,-0.183155,0.0563514,-0.159334,-0.00286019,0.146497,0.00855602,0.15914,0.438628,-0.353047,0.0591233,-0.0445694,-0.162985,0.322464,-0.0196175,0.00679709,0.196913,-0.0729498,-0.281663,0.4928,0.0439605,-0.295653,-0.042252,0.0680718,0.195755,0.0817384,0.0628299,0.000581003,-0.0092978,0.398561,
-0.259408,-0.0872058,-0.211815,0.0113884,-0.405281,-0.0725486,-0.00891287,0.511666,0.0596271,0.0482153,0.182529,-0.265979,-0.101906,0.0905577,0.0272773,0.0656759,0.027458,-0.00287742,0.237189,0.0299976,-0.105448,0.01212,-0.132189,0.759255,0.275837,-0.02875,-0.16172,0.123787,0.204731,0.150242,0.487746,0.223257,
0.323302,0.266238,-0.0143916,0.204582,0.383694,-0.371008,0.0838887,-0.116669,0.459068,-0.0675115,0.15731,-0.138078,0.0708799,0.0128104,-0.5512,-0.276277,-0.322903,-0.0802026,-0.148141,-0.259149,0.151353,-0.167302,0.142725,-0.30143,-0.408641,-0.650234,0.179239,-0.225186,0.118717,0.104474,-0.208352,0.0805423,
0.264225,0.682201,0.174901,0.186151,-0.127861,0.178092,0.0042237,-0.133583,0.0815726,-0.11641,0.117046,-0.466324,-0.311563,0.065209,0.0944725,-0.438352,-0.0504075,-0.0641019,-0.502682,-0.00152498,0.262121,0.131169,0.083516,0.132299,0.0752351,-0.230284,0.123881,0.0718194,-0.281583,-0.183674,0.195254,-0.422709,
0.307034,-0.0502445,0.365669,-0.0685429,-0.122119,-0.0275946,0.217282,-0.093878,-0.0883306,0.123339,0.0727376,-0.0908341,-0.0757682,-0.176008,0.308737,-0.067029,0.153525,-0.0591922,0.232676,0.0856438,-0.0480475,0.141971,-0.140067,-0.0161291,0.215919,-0.145215,0.223898,-0.174053,-0.315491,-0.0382034,-0.126838,0.257762,
0.153889,0.41447,0.179001,0.140015,0.109828,-0.183464,-0.424713,0.00771377,0.104236,-0.225001,0.0563043,-0.665803,0.349621,-0.0823359,-0.0443407,0.175684,0.11482,0.489606,-0.270334,-0.184307,-0.246438,-0.205343,-0.105457,-0.106147,-0.356677,-0.082587,0.353117,0.372559,0.0564451,-0.256208,-0.0951931,-0.198085,
-0.570925,-0.0443616,-0.180128,-0.705179,-0.0233819,-0.0619067,0.398281,0.170107,0.067987,-0.00680675,0.053745,0.0318177,0.336478,0.097855,0.64318,0.211492,-0.34885,-0.0505202,-0.398742,0.176673,0.320799,-0.396713,-0.244803,-0.393588,-0.175557,-0.0234664,0.134481,-0.194229,0.115703,0.0393101,-0.434883,-0.28082,
0.00449248,-0.148003,0.320091,-0.0566416,-0.034064,-0.0481629,-0.19475,-0.385031,-0.081113,0.118109,0.0889009,-0.0856191,-0.390331,-0.0434548,0.379037,0.263178,0.32772,-0.0823884,0.0159243,0.129751,0.389061,0.226014,0.28197,-0.183651,0.225668,0.245299,0.274437,0.252885,-0.0701212,0.525908,0.242602,-0.377879,
0.180967,0.273409,-0.119686,-0.0680277,-0.297292,0.577406,0.330273,-0.0621559,-0.0657695,-0.00080321,-0.310653,0.00563519,-0.473592,-0.0500494,0.0510706,0.0657197,0.0446385,0.166877,-0.0757508,-0.14725,0.00981593,-0.162663,0.0222599,0.214851,-0.267573,0.127955,-0.221495,0.549105,0.209247,0.0649644,-0.000562537,0.4485,
-0.258876,-0.043589,-0.345492,-0.204414,0.4477,-0.144446,-0.16195,-0.337255,0.116485,0.527782,-0.265605,0.458096,0.218463,-0.125036,-0.122765,0.162705,-0.197435,0.147993,-0.0297178,-0.375633,0.200812,0.0254351,0.503234,0.0119848,-0.336978,-0.20513,-0.271012,0.213346,-0.344564,-0.0203724,-0.0450798,0.198946,
-0.321505,-0.143053,0.369448,-0.0546698,0.128882,0.143824,0.248222,0.366332,0.0246997,-0.241235,0.199647,0.0277325,-0.0582562,0.104487,0.248441,0.285825,0.0794453,-0.0970939,0.457239,-0.363247,-0.124036,-0.276916,-0.0211794,-0.209112,-0.414215,-0.379358,-0.26407,-0.214444,-0.274471,0.0508669,0.0885939,0.348826,
0.285144,-0.146469,0.0358344,-0.504371,0.0115261,0.349786,-0.4269,-0.169306,0.471963,0.318836,0.00682641,0.189155,0.176833,-0.317223,-0.0780984,0.0550361,-0.0345125,-0.372109,0.196041,0.135156,-0.0970879,-0.000743694,-0.492991,-0.0707594,-0.303076,-0.266853,-0.0696686,-0.248343,-0.361184,-0.34005,0.183664,0.125052,
-0.00469143,0.55241,0.657901,0.252031,0.203543,0.0140013,-0.272812,-0.0625618,-0.275004,-0.408854,-0.150283,-0.218954,0.240947,-0.0726518,-0.133839,0.338564,0.0007423,-0.0896691,0.306474,-0.474422,-0.202702,-0.646541,0.208462,-0.0804257,0.452794,-0.0721931,-0.0143767,0.243898,0.0520124,0.264034,0.332136,0.340478,
-0.17915,-0.0355613,-0.369335,0.0273781,-0.0735496,0.242661,-0.0440596,0.552156,0.0824223,0.0969901,0.329221,-0.00259125,0.145976,0.0600957,0.10722,0.0326603,-0.0752804,-0.00837768,-0.197661,0.130809,0.0151945,0.211958,-0.360936,0.184297,0.278646,-0.17205,0.0944247,0.147014,-0.371462,-0.0577577,-0.239505,-0.0264415,
-0.0487887,-0.516111,0.0595536,0.364813,-0.178969,-0.161601,0.238988,-0.15956,-0.493616,0.204099,-0.192818,0.0433004,-0.261973,-0.148952,0.0827641,0.0795706,0.347405,0.393682,-0.320529,0.0348874,-0.0419126,-0.0203665,0.257321,0.0521785,-0.203073,-0.143601,0.134865,-0.101028,-0.240902,0.0746392,0.236583,0.129903,
-0.0490421,-0.394775,0.240496,-0.217754,-0.194588,-0.195281,-0.0736412,-0.317568,-0.280118,-0.246441,0.298846,-0.168715,-0.0774176,0.284599,-0.0586013,-0.0754681,0.306448,0.0294301,-0.0324403,-0.121108,0.0516351,-0.0693715,-0.00958881,0.0376442,0.169964,0.147981,0.314484,0.35257,-0.069187,-0.483575,-0.274476,-0.186194,
-0.0595584,0.225516,-0.0617474,-0.288853,-0.036009,-0.103517,-0.292944,-0.0833777,-0.397614,-0.168509,-0.728956,-0.0632611,0.0742868,-0.131507,-0.208989,-0.0423433,0.393493,-0.0332644,-0.401267,0.176463,-0.031611,0.163067,0.159093,-0.0970447,-0.0308468,-0.412313,0.627557,0.0491166,-0.209692,-0.0510283,0.313236,0.122031,
0.315017,-0.230552,-0.00923855,-0.250651,-0.250795,-0.469105,-0.066353,0.182516,-0.273431,0.0798329,-0.0632491,-0.240968,0.0784783,0.173796,0.332151,-0.170768,-0.120439,-0.182141,0.446404,-0.110746,-0.136346,0.357355,0.382139,-0.149352,-0.122831,-0.00182685,-0.050947,0.115838,-0.396326,0.0835434,-0.160593,0.284027,
-0.393208,-0.0597828,-0.218121,-0.368618,-0.00374944,-0.11441,0.100103,-0.0946892,0.0680544,0.0405906,0.302708,-0.201836,0.104523,0.0777696,0.206851,0.0791552,0.342881,0.228658,-0.0566435,-0.148742,-0.189244,0.0687555,-0.20485,-0.086389,0.103412,0.00410681,0.16603,-0.284752,-0.0254524,-0.188628,0.351803,-0.226505,
-0.156166,0.109575,0.147461,-0.0894428,0.0776366,-0.258794,0.623765,0.0440878,-0.125873,-0.147725,0.123319,0.303732,-0.00651664,0.107365,-0.277625,0.0815257,-0.4202,0.0456227,-0.079084,0.214594,-0.402987,0.337947,-0.00461347,0.0906187,0.022435,-0.094709,-0.10765,0.0289116,-0.353584,0.0117109,0.0858937,-0.00362329,
-0.142395,0.438366,0.0368826,-0.0813319,0.0251543,0.0399493,-0.309621,0.334238,0.169969,-0.566928,-0.741682,-0.56246,0.242513,0.171636,-0.0381683,0.138138,-0.384118,0.170779,-0.213438,0.243159,-0.214855,-0.156692,0.325135,0.190804,0.00136248,-0.1442,-0.606032,-0.202298,0.0128855,-0.0893704,0.227001,-0.246669,
0.166124,-0.278457,0.478548,-0.0535747,0.255418,0.154281,0.130687,-0.100423,-0.281209,-0.0509265,0.622326,0.256997,0.124991,-0.472559,-0.0769317,0.00116432,-0.180528,-0.251226,0.0737347,-0.00841801,-0.20132,-0.311264,-0.0577105,0.437222,-0.0927198,-0.197615,0.0375234,-0.0209894,0.564192,-0.140394,0.659274,-0.158625,
0.172261,-0.10121,-0.31175,-0.55253,-0.23016,-0.0602514,-0.101804,0.19902,-0.0987793,0.00780734,0.12366,0.182232,0.0253693,-0.361608,-0.320881,-0.217777,0.0563155,-0.0347132,0.341218,0.275411,0.0887544,-0.227326,-0.234276,0.226678,-0.179304,0.0750355,0.0980037,-0.303897,0.0720949,0.052201,0.00696121,0.358441,
-0.0360242,0.054388,-0.372009,-0.220239,0.0147477,0.017302,-0.190484,-0.109898,0.31827,-0.0163259,-0.029789,-0.348507,-0.0986332,-0.176155,-0.215716,-0.155073,-0.187029,-0.067071,-0.402923,0.292127,0.0769082,0.344027,0.0195967,-0.431543,-0.417161,-0.231419,0.119256,0.102831,-0.067977,-0.18416,0.201708,0.445739,
0.15322,0.0138351,-0.213377,0.0676634,-0.19557,-0.0993178,0.0481715,0.0438978,0.031298,0.0169674,-0.180641,-0.0615749,0.392022,0.385564,0.057041,0.277946,-0.00256845,0.126752,-0.0376693,0.113404,-0.286505,0.153164,0.168886,0.604102,0.153973,0.0902052,0.165812,-0.0595186,-0.324996,-0.0179729,-0.052304,-0.494123,
0.42674,0.471671,0.0650975,0.387893,0.211211,0.18526,-0.239869,-0.0384909,-0.41603,0.104198,-0.156354,0.136293,-0.863728,-0.361322,-0.0569287,0.178089,0.093308,-0.0199375,0.547759,0.120421,-0.0905789,0.168784,-0.230259,-0.327375,-0.110283,-0.122979,-0.00216751,0.207015,-0.271067,-0.137026,0.367383,0.24676,
-0.348299,-0.0546049,-0.102852,-0.146847,0.00751312,-0.428098,-0.0797435,-0.505281,-0.289183,-0.00925961,0.207003,0.4613,0.0522705,-0.410537,-0.072137,0.226348,0.306525,0.099379,0.627966,-0.449622,0.035713,-0.17853,-0.293936,0.591033,0.161013,-0.343583,-0.00950887,0.284756,-0.0934799,0.1318,-0.0203899,-0.106023,
-0.158531,0.330153,0.25447,-0.0161475,0.329864,0.0412875,-0.0388254,-0.101149,0.0363247,0.0262979,0.0251325,-0.0907663,0.404959,0.0970252,0.151,-0.243614,0.162287,-0.126266,0.0579388,-0.264096,-0.0539187,0.295151,0.173465,0.414375,-0.0700553,0.0314654,-0.203136,0.105552,0.171251,-0.0292314,0.0191384,-0.177724,
-0.0535652,-0.219237,0.14605,0.573464,-0.187667,0.0853611,-0.407374,-0.0201243,-0.379537,0.254263,-0.0836243,0.00677515,-0.38335,0.0786684,0.37587,0.383382,0.267668,-0.280558,-0.494743,-0.00564543,-0.424806,-0.0633753,-0.384886,0.0241194,-0.326437,-0.0883729,-0.00771085,-0.0709402,-0.137569,-0.153015,-0.258389,-0.342674,
0.541608,
-1.11473,
-0.265394,
1.06027,
-0.240259,
1.11026,
-0.287582,
-0.10115,
-0.0297868,
0.533565,
-0.432522,
1.40018,
1.15625,
1.6795,
-0.752118,
-0.38505,
-0.223347,
-2.42678,
-0.00523227,
0.872716,
-0.793592,
1.10861,
1.09988,
0.587576,
0.872236,
1.19876,
0.0287693,
1.3501,
0.168726,
1.57912,
-0.143877,
0.603624,
0.691251,
0.01,0.9,42
